10000
now working on train
50 done
100 done
150 done
200 done
250 done
300 done
350 done
400 done
450 done
500 done
550 done
600 done
650 done
700 done
750 done
800 done
850 done
900 done
950 done
1000 done
1050 done
1100 done
1150 done
1200 done
1250 done
1300 done
1350 done
1400 done
1450 done
1500 done
1550 done
1600 done
1650 done
1700 done
1750 done
1800 done
1850 done
1900 done
1950 done
2000 done
2050 done
2100 done
2150 done
2200 done
2250 done
2300 done
2350 done
2400 done
2450 done
2500 done
2550 done
2600 done
2650 done
2700 done
2750 done
2800 done
2850 done
2900 done
2950 done
3000 done
3050 done
3100 done
3150 done
3200 done
3250 done
3300 done
3350 done
3400 done
3450 done
3500 done
3550 done
3600 done
3650 done
3700 done
3750 done
3800 done
3850 done
3900 done
3950 done
4000 done
4050 done
4100 done
4150 done
4200 done
4250 done
4300 done
4350 done
4400 done
4450 done
4500 done
4550 done
4600 done
4650 done
4700 done
4750 done
4800 done
4850 done
4900 done
4950 done
5000 done
5050 done
5100 done
5150 done
5200 done
5250 done
5300 done
5350 done
5400 done
5450 done
5500 done
5550 done
5600 done
5650 done
5700 done
5750 done
5800 done
5850 done
5900 done
5950 done
6000 done
6050 done
6100 done
6150 done
6200 done
6250 done
6300 done
6350 done
6400 done
6450 done
6500 done
6550 done
6600 done
6650 done
6700 done
6750 done
6800 done
6850 done
6900 done
6950 done
7000 done
now working on test
50 done
100 done
150 done
200 done
250 done
300 done
350 done
400 done
450 done
500 done
550 done
600 done
650 done
700 done
750 done
800 done
850 done
900 done
950 done
1000 done
1050 done
1100 done
1150 done
1200 done
1250 done
1300 done
1350 done
1400 done
1450 done
1500 done
1550 done
1600 done
1650 done
1700 done
1750 done
1800 done
1850 done
1900 done
1950 done
2000 done
2050 done
2100 done
2150 done
2200 done
2250 done
2300 done
2350 done
2400 done
2450 done
2500 done
2550 done
2600 done
2650 done
2700 done
2750 done
2800 done
2850 done
2900 done
2950 done
3000 done
features: 7000
accuracy: 0.9723333333333334
f1 score: 0.9723333333333334
precision score: 0.9723333333333334
recall score: 0.9723333333333334
prediction is [5, 2, 2, 0, 5, 2, 0, 0, 0, 0, 2, 6, 2, 2, 0, 0, 0, 0, 2, 6, 5, 2, 2, 1, 2, 0, 0, 0, 2, 2, 0, 2, 6, 0, 0, 0, 0, 2, 2, 0, 2, 0, 0, 6, 0, 0, 2, 0, 0, 5, 0, 2, 0, 2, 2, 0, 6, 6, 6, 0, 0, 0, 0, 0, 0, 0, 0, 0, 0, 0, 0, 0, 0, 0, 0, 2, 0, 1, 2, 5, 0, 0, 1, 0, 6, 5, 2, 0, 0, 0, 0, 2, 6, 2, 0, 2, 0, 2, 0, 0, 0, 5, 6, 2, 0, 0, 0, 1, 0, 0, 0, 0, 6, 0, 2, 0, 5, 0, 0, 0, 2, 0, 0, 0, 0, 0, 0, 0, 0, 0, 1, 2, 0, 0, 1, 0, 0, 2, 0, 2, 5, 6, 6, 2, 1, 0, 0, 0, 6, 2, 0, 0, 0, 2, 2, 0, 0, 0, 0, 1, 2, 2, 0, 0, 2, 1, 6, 2, 5, 0, 0, 0, 0, 0, 0, 0, 2, 0, 0, 2, 2, 1, 0, 0, 0, 0, 6, 0, 2, 0, 0, 0, 0, 0, 0, 2, 0, 0, 0, 2, 0, 2, 1, 0, 6, 1, 0, 1, 0, 2, 6, 0, 0, 0, 1, 0, 5, 6, 2, 0, 0, 0, 0, 0, 2, 6, 5, 0, 0, 2, 2, 0, 2, 0, 6, 2, 5, 0, 0, 6, 2, 0, 2, 0, 0, 0, 0, 2, 1, 0, 0, 0, 0, 2, 2, 6, 0, 0, 2, 0, 0, 6, 2, 0, 0, 6, 2, 2, 0, 0, 2, 6, 2, 0, 0, 2, 0, 0, 0, 0, 5, 0, 5, 2, 0, 0, 0, 6, 2, 0, 2, 0, 0, 0, 0, 2, 2, 1, 0, 0, 0, 0, 0, 0, 6, 2, 2, 2, 0, 1, 2, 2, 0, 0, 1, 1, 0, 0, 0, 0, 6, 6, 0, 0, 0, 6, 6, 2, 2, 2, 0, 0, 0, 2, 0, 0, 1, 0, 0, 6, 2, 5, 0, 0, 0, 0, 0, 0, 0, 2, 0, 0, 0, 0, 2, 0, 2, 2, 2, 0, 2, 0, 0, 0, 0, 2, 2, 0, 0, 5, 2, 0, 0, 2, 0, 0, 2, 2, 0, 0, 2, 2, 0, 0, 0, 1, 2, 2, 6, 2, 2, 0, 0, 0, 0, 2, 0, 0, 0, 0, 0, 0, 0, 2, 2, 0, 0, 0, 0, 0, 2, 2, 1, 0, 6, 0, 5, 0, 0, 2, 2, 0, 0, 6, 0, 2, 5, 6, 0, 0, 2, 0, 1, 2, 5, 2, 0, 1, 0, 6, 2, 0, 0, 0, 2, 0, 6, 0, 0, 2, 2, 2, 0, 0, 2, 0, 0, 0, 2, 0, 0, 0, 2, 2, 6, 0, 0, 2, 2, 0, 0, 0, 2, 0, 0, 2, 0, 2, 1, 1, 2, 2, 2, 2, 6, 1, 2, 0, 0, 0, 2, 0, 0, 2, 6, 0, 6, 6, 0, 2, 0, 1, 2, 2, 2, 1, 0, 0, 0, 0, 0, 0, 2, 0, 0, 0, 0, 2, 1, 2, 2, 2, 2, 2, 2, 0, 2, 0, 0, 2, 2, 0, 0, 0, 0, 0, 0, 2, 2, 0, 2, 0, 0, 0, 2, 2, 0, 2, 6, 0, 0, 0, 2, 6, 0, 0, 0, 1, 2, 0, 2, 0, 2, 0, 0, 6, 0, 1, 0, 2, 0, 2, 0, 0, 6, 5, 2, 6, 0, 2, 5, 2, 1, 2, 2, 2, 0, 2, 2, 1, 0, 2, 0, 0, 6, 6, 5, 0, 0, 1, 0, 2, 0, 5, 6, 5, 2, 2, 2, 0, 0, 0, 6, 2, 2, 1, 0, 2, 2, 0, 2, 2, 0, 2, 2, 2, 1, 2, 2, 0, 0, 1, 0, 2, 0, 0, 0, 6, 6, 0, 1, 2, 2, 2, 2, 1, 0, 0, 1, 0, 0, 0, 2, 5, 0, 2, 0, 2, 5, 0, 0, 1, 0, 0, 2, 0, 0, 0, 2, 2, 6, 2, 0, 6, 0, 5, 0, 0, 2, 2, 0, 6, 1, 0, 0, 1, 0, 0, 2, 2, 0, 6, 6, 0, 6, 0, 0, 2, 2, 0, 0, 2, 6, 0, 0, 0, 2, 0, 2, 2, 2, 0, 0, 2, 0, 2, 2, 2, 0, 0, 1, 5, 2, 2, 0, 2, 2, 2, 0, 0, 0, 1, 5, 2, 2, 0, 0, 5, 0, 2, 0, 2, 2, 2, 0, 2, 2, 2, 0, 0, 1, 0, 0, 2, 0, 2, 1, 2, 1, 0, 2, 0, 5, 2, 5, 6, 5, 0, 2, 2, 0, 0, 2, 0, 2, 5, 1, 6, 0, 0, 2, 0, 0, 0, 2, 0, 1, 6, 0, 0, 2, 2, 0, 0, 0, 2, 2, 0, 0, 2, 0, 6, 0, 2, 6, 2, 2, 6, 0, 0, 0, 2, 1, 0, 1, 2, 0, 0, 2, 0, 2, 2, 0, 0, 0, 0, 5, 0, 0, 0, 2, 5, 1, 0, 2, 2, 0, 0, 0, 0, 2, 0, 0, 1, 0, 0, 0, 0, 0, 0, 0, 2, 2, 0, 0, 2, 2, 0, 0, 2, 6, 0, 2, 2, 2, 5, 0, 0, 0, 2, 0, 6, 0, 0, 2, 0, 0, 2, 0, 6, 0, 0, 0, 0, 5, 6, 0, 2, 0, 6, 0, 2, 2, 6, 0, 0, 6, 6, 0, 2, 0, 2, 0, 0, 0, 2, 5, 2, 0, 6, 5, 0, 0, 2, 0, 2, 2, 0, 1, 6, 0, 0, 2, 2, 5, 0, 0, 6, 6, 0, 2, 0, 0, 2, 0, 0, 0, 0, 2, 2, 0, 2, 5, 0, 2, 0, 0, 1, 0, 0, 2, 0, 0, 0, 5, 6, 1, 2, 0, 0, 2, 2, 0, 0, 0, 2, 0, 0, 5, 0, 0, 0, 0, 0, 0, 0, 2, 2, 0, 6, 0, 0, 6, 0, 1, 2, 2, 6, 0, 2, 6, 0, 2, 0, 6, 6, 0, 2, 0, 0, 0, 2, 6, 2, 2, 0, 0, 0, 0, 0, 2, 1, 2, 0, 2, 2, 0, 2, 2, 2, 0, 5, 1, 2, 0, 2, 0, 2, 2, 6, 6, 0, 2, 2, 0, 2, 0, 5, 0, 2, 0, 0, 2, 5, 0, 5, 0, 2, 2, 2, 6, 2, 0, 2, 2, 0, 0, 0, 1, 0, 6, 6, 1, 1, 0, 0, 6, 0, 0, 2, 2, 0, 6, 0, 1, 0, 5, 0, 0, 2, 6, 6, 0, 2, 2, 0, 0, 2, 0, 2, 2, 1, 0, 0, 0, 6, 0, 2, 2, 0, 5, 5, 2, 2, 1, 2, 2, 0, 0, 2, 2, 0, 2, 1, 0, 5, 0, 5, 6, 5, 0, 2, 0, 2, 0, 0, 0, 0, 2, 2, 0, 2, 2, 6, 2, 2, 1, 2, 0, 2, 0, 0, 0, 0, 6, 0, 2, 0, 6, 0, 0, 1, 0, 0, 0, 1, 0, 2, 5, 0, 2, 1, 0, 0, 0, 0, 0, 5, 2, 0, 0, 0, 0, 2, 2, 2, 0, 5, 2, 5, 0, 1, 0, 2, 0, 6, 0, 0, 6, 0, 0, 2, 1, 0, 0, 0, 6, 0, 0, 0, 2, 0, 2, 2, 0, 2, 2, 5, 6, 0, 2, 5, 5, 6, 2, 0, 0, 0, 0, 5, 0, 0, 2, 2, 0, 1, 5, 0, 6, 2, 1, 1, 2, 0, 1, 0, 1, 2, 0, 2, 0, 1, 2, 6, 2, 0, 2, 0, 2, 2, 0, 0, 2, 2, 0, 1, 0, 5, 1, 2, 2, 2, 2, 1, 2, 1, 0, 2, 2, 2, 6, 2, 2, 2, 0, 0, 2, 2, 6, 2, 0, 0, 5, 5, 0, 2, 1, 1, 2, 0, 0, 0, 2, 2, 0, 2, 0, 0, 2, 2, 0, 0, 0, 0, 0, 1, 2, 2, 0, 2, 0, 6, 2, 0, 2, 0, 0, 0, 2, 5, 0, 2, 0, 0, 1, 0, 0, 6, 0, 0, 1, 2, 1, 2, 2, 0, 2, 2, 0, 0, 6, 2, 0, 0, 0, 2, 5, 2, 2, 0, 2, 1, 2, 0, 6, 2, 1, 2, 0, 2, 0, 0, 0, 2, 0, 6, 0, 0, 0, 2, 2, 2, 0, 6, 6, 0, 0, 2, 0, 5, 0, 0, 0, 0, 0, 6, 0, 0, 0, 0, 0, 0, 6, 0, 0, 0, 2, 1, 2, 0, 0, 0, 1, 5, 0, 2, 0, 2, 1, 0, 0, 0, 6, 0, 6, 0, 2, 0, 2, 0, 2, 0, 1, 2, 6, 2, 2, 0, 2, 0, 1, 0, 2, 2, 0, 2, 0, 0, 2, 2, 0, 2, 5, 6, 0, 0, 5, 0, 2, 0, 2, 1, 0, 0, 0, 0, 0, 0, 0, 0, 5, 6, 5, 0, 0, 0, 2, 5, 5, 0, 0, 1, 0, 5, 2, 0, 0, 2, 2, 1, 6, 1, 6, 2, 0, 0, 2, 0, 6, 0, 2, 6, 5, 0, 1, 1, 0, 2, 2, 1, 0, 0, 0, 0, 0, 2, 0, 0, 0, 0, 0, 0, 0, 2, 6, 0, 6, 0, 0, 6, 2, 1, 0, 0, 0, 0, 0, 0, 0, 2, 0, 2, 0, 0, 6, 0, 0, 2, 0, 5, 0, 0, 2, 5, 0, 6, 0, 2, 2, 0, 2, 1, 0, 5, 0, 0, 1, 0, 0, 2, 0, 6, 0, 0, 0, 2, 2, 0, 0, 0, 2, 5, 0, 0, 0, 0, 6, 0, 5, 5, 0, 6, 0, 6, 2, 2, 6, 0, 0, 0, 5, 2, 0, 0, 2, 0, 2, 2, 0, 2, 6, 0, 0, 0, 0, 0, 0, 2, 0, 0, 0, 2, 0, 0, 0, 1, 0, 0, 0, 0, 2, 6, 0, 0, 6, 0, 0, 0, 0, 0, 0, 0, 0, 0, 2, 0, 2, 0, 0, 0, 0, 0, 0, 0, 0, 0, 0, 0, 2, 0, 6, 2, 0, 0, 0, 6, 0, 6, 2, 0, 0, 0, 0, 0, 2, 2, 0, 2, 0, 0, 2, 0, 2, 0, 2, 6, 2, 2, 6, 0, 0, 0, 6, 2, 0, 0, 0, 0, 0, 0, 0, 0, 2, 2, 0, 0, 0, 0, 2, 2, 0, 0, 2, 0, 2, 0, 2, 1, 5, 5, 2, 2, 0, 6, 0, 0, 0, 0, 0, 0, 0, 2, 0, 1, 0, 2, 2, 0, 2, 0, 2, 0, 0, 0, 0, 6, 5, 0, 0, 0, 2, 2, 6, 0, 6, 6, 1, 2, 0, 1, 0, 0, 1, 5, 2, 2, 2, 0, 0, 0, 6, 2, 0, 0, 2, 2, 0, 0, 0, 0, 2, 0, 0, 0, 6, 0, 0, 0, 6, 0, 1, 2, 6, 0, 6, 0, 6, 0, 2, 6, 0, 0, 0, 0, 2, 6, 0, 0, 2, 0, 2, 0, 2, 0, 6, 5, 0, 0, 1, 0, 0, 6, 0, 0, 2, 6, 2, 0, 2, 2, 0, 2, 0, 2, 2, 0, 0, 6, 2, 2, 0, 0, 0, 0, 5, 1, 0, 2, 2, 6, 2, 2, 0, 2, 2, 2, 2, 0, 0, 1, 0, 0, 0, 2, 0, 0, 1, 0, 0, 0, 6, 0, 0, 0, 0, 2, 0, 0, 0, 2, 2, 0, 0, 0, 0, 0, 0, 0, 0, 2, 0, 0, 0, 0, 0, 5, 5, 2, 0, 0, 6, 6, 0, 0, 6, 0, 2, 2, 6, 2, 6, 2, 0, 2, 2, 0, 2, 6, 2, 2, 0, 0, 0, 0, 0, 2, 0, 5, 0, 0, 6, 0, 2, 1, 5, 2, 2, 0, 0, 5, 0, 5, 0, 0, 0, 0, 0, 0, 1, 0, 0, 0, 6, 2, 2, 0, 5, 0, 0, 1, 5, 5, 0, 2, 0, 0, 0, 0, 0, 0, 0, 1, 6, 2, 0, 2, 2, 6, 2, 6, 0, 2, 0, 5, 0, 1, 0, 0, 2, 0, 2, 1, 0, 0, 2, 2, 6, 0, 0, 2, 0, 0, 0, 0, 2, 0, 2, 0, 0, 0, 2, 5, 2, 0, 0, 2, 2, 5, 0, 0, 0, 2, 1, 0, 2, 0, 2, 0, 0, 6, 0, 2, 6, 0, 0, 0, 2, 0, 0, 0, 1, 6, 1, 2, 2, 2, 0, 0, 0, 0, 6, 2, 2, 2, 0, 2, 0, 0, 2, 0, 1, 0, 1, 2, 0, 0, 2, 2, 5, 0, 2, 0, 2, 1, 0, 0, 0, 0, 0, 0, 6, 0, 6, 1, 6, 0, 1, 2, 0, 0, 0, 2, 0, 6, 0, 6, 1, 2, 2, 0, 0, 6, 0, 1, 0, 0, 0, 0, 0, 2, 0, 0, 0, 0, 1, 0, 2, 0, 6, 0, 2, 0, 0, 1, 1, 2, 0, 0, 2, 6, 0, 5, 2, 5, 6, 0, 2, 5, 0, 0, 0, 1, 2, 0, 2, 2, 0, 0, 2, 6, 2, 2, 0, 2, 0, 0, 0, 2, 0, 2, 0, 2, 0, 6, 0, 0, 0, 6, 2, 0, 5, 2, 0, 2, 0, 2, 0, 2, 0, 1, 0, 1, 6, 2, 0, 0, 0, 2, 6, 6, 0, 5, 0, 5, 0, 6, 0, 0, 0, 0, 0, 0, 1, 2, 6, 0, 0, 1, 0, 0, 2, 0, 0, 0, 2, 2, 0, 0, 6, 0, 0, 0, 2, 0, 2, 0, 0, 0, 2, 0, 0, 5, 6, 2, 0, 5, 0, 0, 0, 2, 2, 2, 2, 0, 1, 6, 0, 0, 2, 0, 0, 0, 6, 0, 0, 0, 0, 0, 0, 0, 6, 2, 0, 0, 0, 0, 2, 1, 2, 2, 0, 6, 2, 0, 1, 1, 2, 5, 2, 0, 0, 0, 0, 1, 1, 0, 0, 6, 5, 6, 1, 0, 0, 2, 0, 5, 0, 1, 0, 1, 0, 0, 0, 2, 0, 0, 2, 5, 2, 2, 0, 2, 2, 0, 0, 0, 2, 0, 6, 0, 2, 2, 2, 2, 0, 0, 1, 5, 0, 1, 6, 1, 0, 2, 0, 2, 0, 5, 0, 0, 1, 0, 0, 0, 0, 1, 5, 6, 6, 2, 2, 0, 2, 1, 0, 0, 6, 5, 0, 0, 2, 2, 2, 0, 5, 0, 0, 0, 2, 0, 6, 0, 0, 0, 0, 0, 2, 0, 2, 2, 0, 6, 2, 0, 0, 0, 0, 2, 0, 5, 0, 2, 2, 0, 0, 0, 2, 0, 0, 2, 1, 0, 0, 2, 0, 0, 2, 0, 2, 0, 0, 6, 0, 0, 0, 0, 1, 2, 0, 2, 2, 2, 0, 2, 6, 0, 2, 5, 0, 1, 0, 2, 0, 0, 6, 2, 0, 0, 2, 2, 0, 2, 0, 0, 1, 2, 0, 6, 0, 1, 0, 2, 0, 0, 2, 5, 0, 6, 0, 0, 0, 0, 0, 1, 0, 0, 0, 0, 2, 0, 2, 0, 0, 0, 0, 0, 0, 2, 6, 0, 2, 0, 0, 6, 0, 2, 0, 0, 2, 0, 0, 2, 2, 0, 0, 0, 6, 2, 6, 0, 5, 6, 5, 0, 0, 0, 0, 5, 5, 2, 2, 2, 0, 2, 6, 0, 6, 0, 2, 0, 2, 0, 0, 2, 6, 0, 5, 0, 6, 0, 6, 0, 2, 6, 6, 0, 2, 0, 2, 6, 5, 0, 2, 0, 2, 0, 1, 5, 6, 1, 0, 2, 0, 0, 2, 2, 6, 0, 2, 0, 6, 6, 2, 0, 0, 2, 0, 0, 0, 0, 1, 2, 6, 0, 0, 0, 0, 2, 2, 0, 0, 0, 2, 2, 2, 0, 5, 0, 2, 0, 0, 2, 0, 1, 1, 6, 2, 5, 0, 2, 5, 0, 0, 2, 0, 2, 5, 5, 0, 2, 0, 1, 0, 0, 6, 0, 0, 2, 6, 0, 5, 0, 0, 6, 2, 0, 0, 6, 0, 2, 2, 0, 2, 0, 2, 1, 1, 2, 0, 2, 0, 2, 5, 1, 2, 2, 2, 0, 2, 0, 0, 0, 2, 0, 5, 2, 6, 0, 2, 0, 0, 0, 6, 0, 0, 0, 0, 0, 0, 0, 2, 6, 2, 2, 0, 0, 1, 2, 0, 0, 0, 2, 0, 0, 0, 0, 0, 1, 0, 0, 0, 1, 0, 0, 6, 6, 2, 0, 0, 6, 5, 2, 2, 0, 0, 5, 0, 2, 0, 1, 0, 6, 0, 0, 0, 2, 2, 0, 0, 5, 0, 0, 2, 0, 0, 0, 0, 2, 0, 0, 2, 2, 0, 2, 0, 0, 2, 0, 0, 0, 1, 0, 0, 0, 1, 2, 1, 5, 2, 6, 0, 0, 2, 0, 0, 0, 0, 0, 0, 2, 0, 2, 2, 0, 0, 6, 1, 0, 5, 0, 2, 0, 2, 0, 0, 6, 6, 0, 0, 0, 6, 0, 1, 0, 0, 1, 2, 0, 2, 1, 6, 0, 2, 0, 2, 2, 0, 2, 0, 2, 0, 2, 2, 0, 1, 2, 0, 0, 6, 5, 6, 0, 6, 0, 2, 0, 0, 2, 0, 2, 2, 0, 6, 2, 2, 0, 6, 0, 2, 0, 0, 0, 0, 0, 0, 0, 0, 2, 6, 0, 0, 0, 2, 6, 2, 0, 1, 2, 0, 2, 0, 1, 2, 1, 0, 2, 0, 2, 0, 1, 0, 2, 0, 0, 6, 2, 0, 0, 5, 0, 2, 0, 2, 5, 0, 0, 2, 0, 0, 0, 6, 2, 5, 2, 1, 2, 0, 2, 2, 2, 0, 1, 0, 0, 0, 0, 0, 0, 2, 2, 0, 0, 2, 2, 0, 1, 0, 0, 1, 6, 0, 0, 2, 0, 2, 0, 0, 0, 6, 5, 0, 0, 0, 1, 2, 0, 0, 0, 2, 0, 5, 2, 0, 0, 6, 1, 0, 2, 1, 2, 2, 2, 0, 1, 6, 0, 0, 6, 6, 0, 2, 0, 2, 0, 0, 5, 5, 2, 2, 0, 2, 0, 6, 2, 0, 6, 6, 2, 0, 1, 6, 5, 0, 0, 2, 0, 0, 2, 0, 2, 0, 2, 6, 6, 0, 0, 0, 6, 0, 2, 1, 2, 6, 0, 1, 1, 1, 0, 2, 0, 0, 0, 2, 2, 0, 0, 2, 0, 2, 0]
y is [5, 2, 2, 0, 5, 2, 0, 0, 0, 0, 2, 6, 2, 2, 0, 0, 0, 0, 2, 6, 5, 2, 2, 1, 2, 0, 0, 0, 2, 2, 0, 2, 6, 0, 0, 0, 0, 2, 2, 0, 2, 0, 0, 6, 0, 0, 2, 0, 0, 5, 0, 2, 0, 2, 2, 0, 6, 6, 6, 0, 0, 0, 0, 0, 0, 0, 0, 0, 0, 0, 0, 0, 0, 0, 0, 2, 0, 1, 2, 5, 0, 0, 1, 0, 6, 5, 2, 0, 0, 0, 0, 2, 6, 2, 0, 2, 0, 2, 0, 0, 0, 5, 6, 2, 0, 0, 0, 1, 0, 0, 0, 0, 6, 0, 2, 0, 5, 1, 0, 1, 2, 0, 0, 0, 0, 0, 0, 0, 0, 0, 2, 2, 1, 0, 1, 0, 0, 2, 0, 2, 5, 6, 6, 2, 1, 0, 0, 0, 6, 2, 0, 0, 0, 2, 2, 0, 0, 0, 0, 1, 2, 2, 0, 0, 2, 1, 6, 2, 5, 0, 0, 0, 0, 0, 0, 0, 2, 0, 0, 2, 2, 1, 0, 0, 0, 0, 6, 0, 2, 0, 0, 0, 0, 0, 2, 2, 0, 0, 0, 2, 0, 2, 1, 0, 6, 1, 0, 1, 0, 2, 6, 0, 0, 0, 1, 0, 5, 6, 2, 0, 0, 0, 0, 0, 2, 6, 5, 0, 1, 2, 2, 0, 2, 0, 6, 2, 5, 0, 0, 6, 5, 0, 2, 0, 0, 0, 0, 2, 1, 0, 0, 0, 0, 2, 2, 6, 0, 0, 2, 0, 0, 6, 2, 0, 0, 6, 2, 2, 0, 0, 2, 6, 2, 0, 0, 2, 0, 2, 0, 0, 5, 0, 5, 2, 0, 0, 0, 6, 2, 0, 2, 0, 0, 0, 0, 2, 2, 1, 0, 0, 0, 0, 0, 0, 6, 2, 2, 2, 0, 1, 2, 2, 0, 0, 1, 1, 0, 0, 0, 0, 6, 6, 0, 0, 0, 6, 6, 2, 2, 2, 0, 0, 0, 2, 0, 0, 1, 0, 0, 6, 2, 5, 0, 0, 0, 0, 0, 2, 0, 2, 0, 0, 0, 0, 2, 0, 2, 2, 2, 0, 2, 0, 0, 0, 0, 2, 2, 0, 0, 5, 2, 0, 0, 2, 0, 0, 2, 2, 0, 0, 2, 2, 0, 0, 0, 1, 2, 2, 6, 2, 2, 1, 0, 0, 0, 2, 5, 0, 0, 0, 0, 0, 2, 2, 2, 0, 0, 0, 0, 0, 2, 2, 1, 0, 6, 0, 5, 0, 2, 2, 2, 0, 0, 6, 0, 2, 5, 6, 0, 0, 2, 0, 1, 2, 5, 2, 0, 1, 0, 6, 2, 0, 0, 0, 2, 0, 6, 0, 0, 2, 2, 2, 0, 0, 2, 0, 0, 0, 2, 0, 0, 0, 2, 2, 6, 0, 0, 2, 2, 0, 0, 0, 2, 0, 0, 2, 0, 2, 1, 1, 2, 2, 2, 2, 6, 1, 2, 0, 0, 0, 2, 0, 0, 2, 6, 0, 6, 6, 0, 2, 0, 1, 2, 2, 2, 2, 5, 0, 0, 0, 0, 0, 2, 0, 0, 0, 0, 2, 1, 2, 2, 2, 2, 2, 2, 0, 2, 0, 0, 2, 2, 0, 0, 0, 0, 0, 0, 2, 2, 0, 2, 0, 0, 0, 2, 2, 0, 2, 6, 0, 0, 0, 2, 6, 0, 0, 0, 1, 2, 0, 2, 0, 2, 0, 0, 6, 0, 1, 0, 2, 0, 2, 0, 0, 6, 5, 2, 6, 0, 2, 5, 2, 1, 2, 2, 2, 0, 2, 2, 1, 0, 2, 0, 0, 6, 6, 5, 0, 0, 1, 0, 2, 0, 5, 6, 5, 2, 2, 2, 0, 0, 0, 6, 2, 2, 1, 0, 2, 2, 0, 2, 2, 0, 2, 2, 2, 1, 2, 2, 0, 0, 1, 0, 2, 0, 0, 0, 6, 6, 0, 1, 2, 2, 2, 2, 1, 0, 0, 1, 0, 0, 0, 2, 5, 0, 2, 0, 2, 5, 0, 0, 1, 0, 0, 2, 0, 0, 0, 2, 2, 6, 2, 0, 6, 0, 5, 0, 0, 2, 2, 0, 6, 1, 0, 0, 1, 0, 0, 2, 2, 0, 6, 6, 0, 6, 0, 0, 2, 2, 0, 0, 2, 6, 0, 0, 0, 2, 0, 2, 2, 2, 0, 0, 2, 0, 2, 2, 2, 0, 0, 1, 5, 2, 2, 0, 2, 2, 2, 0, 0, 0, 1, 5, 2, 2, 0, 0, 5, 0, 2, 0, 2, 2, 2, 0, 2, 2, 2, 0, 2, 1, 0, 0, 2, 0, 2, 1, 2, 1, 0, 2, 0, 5, 2, 2, 6, 5, 0, 2, 2, 0, 0, 2, 0, 2, 5, 1, 6, 0, 0, 2, 0, 0, 0, 2, 0, 1, 6, 0, 0, 2, 2, 2, 0, 0, 2, 2, 0, 0, 2, 0, 6, 0, 2, 6, 2, 2, 6, 0, 0, 0, 2, 1, 0, 1, 2, 0, 0, 2, 0, 2, 2, 0, 0, 0, 0, 5, 0, 0, 0, 2, 5, 1, 0, 2, 2, 0, 0, 0, 0, 2, 0, 0, 1, 0, 0, 0, 0, 0, 0, 0, 2, 2, 0, 0, 2, 2, 0, 0, 2, 6, 0, 2, 2, 0, 5, 0, 0, 0, 2, 0, 6, 0, 0, 2, 0, 0, 2, 0, 6, 0, 0, 0, 0, 5, 6, 0, 2, 0, 6, 0, 2, 2, 6, 0, 0, 6, 6, 0, 2, 5, 2, 0, 0, 0, 2, 5, 2, 0, 6, 5, 0, 0, 2, 0, 2, 2, 0, 1, 6, 0, 0, 2, 2, 0, 0, 0, 6, 6, 0, 2, 0, 0, 2, 0, 0, 0, 0, 2, 2, 0, 2, 5, 0, 2, 0, 0, 1, 0, 0, 2, 0, 0, 0, 5, 6, 1, 2, 0, 0, 2, 2, 0, 0, 0, 2, 0, 0, 5, 0, 0, 0, 0, 0, 0, 0, 2, 2, 0, 6, 0, 0, 6, 0, 1, 2, 2, 6, 0, 2, 6, 0, 2, 0, 6, 6, 0, 2, 0, 0, 0, 2, 6, 2, 2, 0, 0, 0, 0, 2, 2, 1, 2, 0, 0, 2, 0, 2, 2, 2, 0, 5, 1, 2, 0, 2, 0, 2, 2, 6, 6, 0, 2, 2, 0, 2, 0, 5, 0, 2, 0, 0, 2, 5, 0, 5, 0, 2, 2, 2, 6, 2, 0, 2, 2, 0, 0, 0, 1, 0, 6, 6, 1, 1, 0, 0, 6, 0, 0, 2, 2, 0, 6, 0, 1, 0, 5, 0, 0, 2, 6, 6, 0, 2, 2, 2, 0, 2, 0, 2, 2, 1, 0, 0, 0, 6, 0, 2, 2, 0, 5, 5, 2, 2, 1, 2, 2, 0, 0, 2, 2, 0, 2, 1, 0, 5, 0, 5, 6, 0, 0, 2, 0, 2, 0, 0, 0, 0, 2, 0, 0, 2, 2, 6, 2, 2, 1, 2, 0, 2, 5, 0, 0, 0, 6, 0, 2, 0, 6, 0, 0, 1, 0, 0, 5, 1, 0, 2, 5, 0, 2, 1, 0, 0, 0, 0, 0, 5, 2, 0, 0, 0, 0, 2, 2, 0, 0, 5, 2, 5, 0, 1, 0, 2, 0, 6, 0, 0, 6, 0, 0, 2, 1, 0, 0, 0, 6, 0, 0, 0, 2, 0, 2, 2, 0, 2, 2, 5, 6, 0, 2, 5, 5, 6, 2, 0, 0, 0, 0, 5, 0, 0, 1, 2, 0, 1, 5, 0, 6, 2, 1, 1, 2, 0, 1, 0, 2, 2, 0, 2, 0, 2, 2, 6, 2, 0, 2, 0, 2, 2, 0, 0, 2, 2, 0, 1, 0, 5, 2, 2, 2, 2, 2, 1, 2, 1, 0, 2, 2, 2, 6, 2, 2, 2, 0, 0, 2, 2, 6, 2, 0, 2, 5, 5, 0, 2, 1, 1, 2, 0, 0, 0, 2, 2, 0, 2, 0, 0, 2, 2, 0, 0, 0, 0, 0, 1, 2, 2, 0, 2, 0, 6, 2, 0, 2, 0, 0, 0, 2, 5, 0, 2, 0, 0, 1, 0, 0, 6, 0, 0, 2, 2, 1, 2, 2, 0, 2, 2, 0, 0, 6, 2, 0, 0, 0, 2, 5, 2, 2, 0, 2, 1, 2, 0, 6, 2, 1, 2, 0, 2, 0, 0, 0, 2, 0, 6, 0, 0, 0, 2, 2, 2, 0, 6, 6, 0, 0, 2, 0, 5, 0, 0, 5, 0, 0, 6, 0, 0, 0, 0, 0, 0, 6, 0, 0, 0, 2, 1, 2, 0, 0, 0, 1, 5, 0, 2, 0, 2, 1, 0, 0, 0, 6, 0, 6, 0, 2, 0, 2, 0, 2, 0, 1, 2, 6, 0, 2, 0, 2, 0, 1, 0, 0, 2, 0, 2, 0, 0, 2, 2, 0, 2, 5, 6, 0, 0, 5, 0, 2, 0, 2, 1, 0, 0, 0, 5, 0, 0, 0, 0, 5, 6, 0, 0, 0, 0, 2, 5, 5, 0, 0, 2, 0, 0, 2, 0, 0, 2, 2, 1, 6, 1, 6, 2, 0, 0, 2, 0, 6, 0, 2, 6, 5, 0, 1, 1, 0, 2, 2, 1, 0, 0, 0, 2, 0, 2, 0, 0, 0, 0, 0, 1, 0, 2, 6, 0, 6, 0, 0, 6, 2, 1, 0, 0, 0, 0, 0, 0, 0, 2, 0, 2, 0, 0, 6, 1, 0, 2, 0, 5, 0, 0, 2, 5, 0, 6, 0, 2, 2, 0, 2, 1, 0, 5, 0, 0, 1, 0, 0, 2, 0, 6, 0, 0, 0, 2, 2, 0, 0, 0, 2, 5, 0, 0, 0, 0, 6, 2, 5, 5, 0, 6, 0, 6, 2, 2, 6, 0, 0, 0, 5, 2, 0, 0, 2, 0, 2, 2, 1, 2, 6, 0, 0, 0, 0, 0, 0, 2, 0, 0, 0, 2, 0, 0, 0, 1, 0, 1, 0, 0, 2, 6, 0, 0, 6, 0, 0, 0, 0, 0, 0, 0, 0, 0, 2, 0, 2, 0, 0, 2, 0, 0, 0, 0, 0, 0, 0, 0, 2, 0, 6, 2, 0, 0, 0, 6, 0, 6, 2, 0, 0, 1, 0, 0, 2, 0, 0, 2, 0, 0, 2, 0, 2, 0, 2, 6, 2, 2, 6, 0, 0, 0, 6, 2, 0, 0, 0, 0, 0, 0, 0, 0, 2, 2, 0, 0, 0, 0, 2, 2, 0, 0, 2, 0, 2, 0, 2, 1, 5, 5, 2, 2, 0, 6, 0, 0, 0, 0, 0, 0, 0, 2, 0, 1, 0, 2, 2, 0, 2, 0, 2, 0, 0, 0, 0, 6, 5, 0, 0, 0, 2, 2, 6, 0, 6, 6, 1, 2, 0, 1, 0, 0, 1, 5, 2, 2, 2, 0, 0, 0, 6, 2, 0, 0, 2, 2, 0, 0, 0, 0, 2, 0, 0, 0, 6, 0, 0, 0, 6, 0, 1, 2, 6, 0, 6, 0, 6, 0, 2, 6, 0, 0, 0, 0, 2, 6, 0, 0, 2, 0, 2, 0, 2, 0, 6, 5, 0, 0, 1, 0, 0, 6, 0, 0, 2, 6, 2, 0, 2, 2, 0, 2, 0, 2, 2, 0, 0, 6, 2, 2, 0, 0, 0, 0, 5, 1, 0, 2, 2, 6, 2, 2, 0, 2, 2, 0, 2, 0, 0, 1, 0, 0, 0, 2, 0, 0, 1, 0, 0, 0, 6, 0, 0, 0, 0, 2, 0, 0, 0, 2, 2, 0, 0, 0, 0, 0, 0, 0, 0, 2, 0, 0, 0, 0, 0, 5, 5, 2, 0, 0, 6, 6, 0, 0, 6, 0, 2, 2, 6, 2, 6, 2, 0, 2, 2, 0, 2, 6, 2, 2, 0, 0, 0, 0, 0, 2, 0, 0, 0, 0, 6, 0, 2, 1, 5, 2, 2, 0, 0, 5, 0, 5, 2, 0, 0, 0, 0, 0, 1, 0, 0, 0, 6, 2, 2, 0, 5, 0, 0, 1, 5, 5, 0, 2, 0, 0, 0, 0, 0, 0, 0, 1, 6, 2, 0, 2, 2, 6, 2, 6, 0, 2, 0, 5, 0, 1, 0, 0, 2, 0, 2, 1, 0, 0, 2, 2, 6, 0, 1, 2, 0, 0, 0, 0, 2, 0, 2, 0, 0, 0, 2, 5, 2, 0, 0, 2, 2, 5, 0, 0, 0, 2, 1, 0, 2, 0, 2, 0, 0, 6, 0, 2, 6, 0, 0, 0, 2, 0, 0, 0, 1, 6, 1, 2, 2, 2, 0, 0, 0, 0, 6, 2, 2, 2, 0, 2, 0, 0, 2, 0, 1, 0, 1, 2, 0, 0, 2, 2, 5, 0, 2, 0, 2, 1, 0, 0, 0, 0, 0, 0, 6, 0, 6, 1, 6, 0, 1, 2, 0, 0, 0, 2, 0, 6, 1, 6, 1, 2, 2, 0, 0, 6, 0, 1, 0, 0, 0, 0, 0, 2, 0, 0, 0, 0, 1, 0, 2, 0, 6, 0, 2, 0, 0, 1, 1, 2, 0, 0, 2, 6, 0, 5, 2, 5, 6, 0, 2, 5, 0, 0, 0, 1, 2, 0, 2, 2, 0, 0, 2, 6, 2, 2, 0, 2, 0, 0, 0, 2, 0, 2, 0, 2, 0, 6, 0, 0, 0, 6, 2, 0, 5, 2, 5, 2, 0, 2, 0, 2, 0, 1, 0, 1, 6, 2, 0, 0, 0, 2, 6, 6, 0, 5, 0, 5, 0, 6, 0, 0, 0, 0, 0, 0, 1, 2, 6, 0, 0, 1, 0, 0, 2, 0, 0, 0, 2, 2, 0, 0, 6, 0, 0, 0, 2, 0, 2, 0, 0, 0, 2, 0, 0, 5, 6, 2, 0, 5, 0, 0, 0, 5, 2, 2, 2, 0, 1, 6, 0, 0, 2, 0, 0, 0, 6, 0, 0, 0, 0, 0, 0, 0, 6, 2, 0, 0, 0, 0, 2, 1, 2, 2, 0, 6, 2, 0, 1, 1, 2, 5, 2, 0, 0, 0, 0, 1, 1, 0, 0, 6, 2, 6, 1, 0, 0, 2, 0, 5, 0, 1, 0, 1, 0, 0, 0, 2, 0, 0, 2, 5, 2, 2, 0, 2, 2, 0, 0, 2, 2, 0, 6, 0, 2, 2, 2, 2, 0, 0, 1, 5, 0, 2, 6, 1, 0, 2, 0, 2, 0, 5, 0, 0, 1, 0, 0, 0, 0, 2, 5, 6, 6, 2, 2, 0, 2, 2, 0, 0, 6, 5, 0, 0, 2, 2, 2, 0, 5, 0, 0, 0, 2, 0, 6, 0, 0, 0, 0, 0, 2, 0, 2, 2, 0, 6, 2, 0, 0, 0, 0, 2, 0, 5, 0, 2, 2, 0, 0, 0, 2, 0, 0, 2, 1, 0, 0, 2, 0, 0, 2, 0, 2, 0, 0, 6, 0, 0, 0, 0, 1, 2, 0, 2, 2, 2, 0, 2, 6, 0, 2, 5, 0, 1, 0, 2, 0, 0, 6, 2, 0, 0, 2, 2, 0, 2, 0, 0, 1, 2, 0, 6, 0, 1, 0, 2, 0, 0, 2, 5, 0, 6, 0, 0, 0, 0, 0, 1, 0, 0, 0, 0, 2, 0, 2, 0, 0, 0, 0, 0, 0, 2, 6, 0, 2, 0, 0, 6, 1, 2, 0, 0, 2, 0, 0, 2, 2, 2, 0, 0, 6, 2, 6, 0, 5, 6, 5, 0, 0, 0, 0, 5, 5, 2, 2, 2, 0, 2, 6, 0, 6, 0, 2, 0, 2, 0, 0, 2, 6, 0, 5, 0, 6, 0, 6, 0, 2, 6, 6, 0, 2, 0, 2, 6, 0, 0, 2, 0, 2, 0, 1, 5, 6, 1, 0, 2, 0, 0, 2, 2, 6, 0, 2, 0, 6, 6, 2, 0, 0, 2, 0, 0, 0, 0, 1, 2, 6, 0, 2, 0, 0, 2, 0, 0, 0, 0, 2, 2, 2, 0, 5, 0, 2, 0, 0, 2, 0, 1, 1, 6, 2, 5, 0, 2, 5, 0, 0, 2, 2, 2, 5, 5, 0, 2, 0, 1, 0, 0, 6, 0, 0, 2, 6, 0, 5, 0, 0, 6, 2, 0, 0, 6, 0, 2, 2, 0, 2, 0, 2, 1, 1, 2, 0, 2, 0, 2, 5, 1, 2, 2, 2, 0, 2, 0, 0, 0, 2, 0, 5, 2, 6, 0, 2, 0, 0, 0, 6, 0, 0, 0, 0, 0, 2, 0, 2, 6, 0, 2, 0, 0, 1, 2, 0, 0, 0, 2, 0, 0, 0, 1, 0, 1, 0, 0, 0, 1, 0, 0, 6, 6, 2, 0, 0, 6, 5, 2, 2, 0, 0, 5, 0, 2, 0, 2, 0, 6, 0, 2, 0, 2, 2, 0, 0, 5, 0, 0, 2, 0, 0, 0, 0, 2, 0, 0, 2, 2, 0, 2, 0, 0, 2, 0, 0, 0, 1, 0, 0, 0, 1, 2, 1, 0, 2, 6, 0, 0, 2, 0, 0, 0, 0, 0, 0, 2, 5, 2, 2, 0, 0, 6, 1, 0, 0, 0, 2, 0, 2, 0, 0, 6, 6, 0, 0, 0, 6, 0, 1, 0, 0, 1, 2, 0, 2, 1, 6, 0, 2, 0, 2, 2, 0, 2, 0, 2, 0, 2, 5, 0, 1, 2, 0, 0, 6, 0, 6, 0, 6, 0, 2, 0, 0, 2, 0, 2, 2, 0, 6, 2, 2, 0, 6, 0, 2, 0, 0, 0, 0, 0, 2, 0, 0, 2, 6, 0, 0, 0, 2, 6, 2, 0, 1, 2, 0, 2, 0, 1, 2, 1, 0, 2, 0, 2, 0, 1, 0, 2, 0, 0, 6, 2, 0, 0, 5, 0, 2, 0, 2, 5, 0, 0, 2, 0, 5, 0, 6, 2, 5, 2, 1, 2, 0, 2, 2, 2, 0, 1, 0, 0, 0, 0, 0, 0, 2, 2, 0, 0, 2, 2, 0, 1, 0, 0, 2, 6, 0, 0, 2, 0, 2, 0, 0, 0, 6, 5, 0, 0, 0, 1, 2, 0, 0, 0, 2, 0, 5, 2, 0, 0, 6, 1, 0, 2, 1, 2, 2, 2, 0, 1, 6, 0, 0, 6, 6, 0, 2, 0, 2, 0, 0, 5, 5, 2, 2, 0, 2, 0, 6, 2, 0, 6, 6, 2, 0, 1, 6, 5, 0, 0, 2, 0, 0, 0, 0, 2, 0, 2, 6, 6, 0, 0, 0, 6, 0, 2, 1, 2, 6, 0, 1, 1, 1, 0, 2, 0, 0, 0, 2, 2, 0, 0, 2, 0, 2, 0]
String feature extraction complete in 168.47920489311218 seconds
